Thomas Nocera
Lab 2
%Lab 2
%Problem 1
u = [3 4 5 9]

u =

     3     4     5     9

%Problem 2
w = u'

w =

     3
     4
     5
     9

%Problem 3
w(3) = 10

w =

     3
     4
    10
     9

z = [7; 1; -2; 3]

z =

     7
     1
    -2
     3
%Problem 5
w + z

ans =

    10
     5
     8
    12

%This result makes sense, it added each element together
%Problem 6
u+z
{Error using <a href="matlab:matlab.internal.language.introspective.errorDocCallback('plus')" style="font-weight:bold"> + </a>
Matrix dimensions must agree.
} 
% This makes sense because some elements have undefined corresponding space
%Problem 7
v1= 2:2:14

v1 =

     2     4     6     8    10    12    14

%Problem 8
v2 = 7:2:19

v2 =

     7     9    11    13    15    17    19

%Problem 9
sum(3:3:27)

ans =

   135

%Problem 10
sum(1:100)

ans =

        5050

%Problem 11
x = [0:0.02:2*pi]

x =

  Columns 1 through 2

                   0   0.020000000000000

  Columns 3 through 4

   0.040000000000000   0.060000000000000

  Columns 5 through 6

   0.080000000000000   0.100000000000000

  Columns 7 through 8

   0.120000000000000   0.140000000000000

  Columns 9 through 10

   0.160000000000000   0.180000000000000

  Columns 11 through 12

   0.200000000000000   0.220000000000000

  Columns 13 through 14

   0.240000000000000   0.260000000000000

  Columns 15 through 16

   0.280000000000000   0.300000000000000

  Columns 17 through 18

   0.320000000000000   0.340000000000000

  Columns 19 through 20

   0.360000000000000   0.380000000000000

  Columns 21 through 22

   0.400000000000000   0.420000000000000

  Columns 23 through 24

   0.440000000000000   0.460000000000000

  Columns 25 through 26

   0.480000000000000   0.500000000000000

  Columns 27 through 28

   0.520000000000000   0.540000000000000

  Columns 29 through 30

   0.560000000000000   0.580000000000000

  Columns 31 through 32

   0.600000000000000   0.620000000000000

  Columns 33 through 34

   0.640000000000000   0.660000000000000

  Columns 35 through 36

   0.680000000000000   0.700000000000000

  Columns 37 through 38

   0.720000000000000   0.740000000000000

  Columns 39 through 40

   0.760000000000000   0.780000000000000

  Columns 41 through 42

   0.800000000000000   0.820000000000000

  Columns 43 through 44

   0.840000000000000   0.860000000000000

  Columns 45 through 46

   0.880000000000000   0.900000000000000

  Columns 47 through 48

   0.920000000000000   0.940000000000000

  Columns 49 through 50

   0.960000000000000   0.980000000000000

  Columns 51 through 52

   1.000000000000000   1.020000000000000

  Columns 53 through 54

   1.040000000000000   1.060000000000000

  Columns 55 through 56

   1.080000000000000   1.100000000000000

  Columns 57 through 58

   1.120000000000000   1.140000000000000

  Columns 59 through 60

   1.160000000000000   1.180000000000000

  Columns 61 through 62

   1.200000000000000   1.220000000000000

  Columns 63 through 64

   1.240000000000000   1.260000000000000

  Columns 65 through 66

   1.280000000000000   1.300000000000000

  Columns 67 through 68

   1.320000000000000   1.340000000000000

  Columns 69 through 70

   1.360000000000000   1.380000000000000

  Columns 71 through 72

   1.400000000000000   1.420000000000000

  Columns 73 through 74

   1.440000000000000   1.460000000000000

  Columns 75 through 76

   1.480000000000000   1.500000000000000

  Columns 77 through 78

   1.520000000000000   1.540000000000000

  Columns 79 through 80

   1.560000000000000   1.580000000000000

  Columns 81 through 82

   1.600000000000000   1.620000000000000

  Columns 83 through 84

   1.640000000000000   1.660000000000000

  Columns 85 through 86

   1.680000000000000   1.700000000000000

  Columns 87 through 88

   1.720000000000000   1.740000000000000

  Columns 89 through 90

   1.760000000000000   1.780000000000000

  Columns 91 through 92

   1.800000000000000   1.820000000000000

  Columns 93 through 94

   1.840000000000000   1.860000000000000

  Columns 95 through 96

   1.880000000000000   1.900000000000000

  Columns 97 through 98

   1.920000000000000   1.940000000000000

  Columns 99 through 100

   1.960000000000000   1.980000000000000

  Columns 101 through 102

   2.000000000000000   2.020000000000000

  Columns 103 through 104

   2.040000000000000   2.060000000000000

  Columns 105 through 106

   2.080000000000000   2.100000000000000

  Columns 107 through 108

   2.120000000000000   2.140000000000000

  Columns 109 through 110

   2.160000000000000   2.180000000000000

  Columns 111 through 112

   2.200000000000000   2.220000000000000

  Columns 113 through 114

   2.240000000000000   2.260000000000000

  Columns 115 through 116

   2.280000000000000   2.300000000000000

  Columns 117 through 118

   2.320000000000000   2.340000000000000

  Columns 119 through 120

   2.360000000000000   2.380000000000000

  Columns 121 through 122

   2.400000000000000   2.420000000000000

  Columns 123 through 124

   2.440000000000000   2.460000000000000

  Columns 125 through 126

   2.480000000000000   2.500000000000000

  Columns 127 through 128

   2.520000000000000   2.540000000000000

  Columns 129 through 130

   2.560000000000000   2.580000000000000

  Columns 131 through 132

   2.600000000000000   2.620000000000000

  Columns 133 through 134

   2.640000000000000   2.660000000000000

  Columns 135 through 136

   2.680000000000000   2.700000000000000

  Columns 137 through 138

   2.720000000000000   2.740000000000000

  Columns 139 through 140

   2.760000000000000   2.780000000000000

  Columns 141 through 142

   2.800000000000000   2.820000000000000

  Columns 143 through 144

   2.840000000000000   2.860000000000000

  Columns 145 through 146

   2.880000000000000   2.900000000000000

  Columns 147 through 148

   2.920000000000000   2.940000000000000

  Columns 149 through 150

   2.960000000000000   2.980000000000000

  Columns 151 through 152

   3.000000000000000   3.020000000000000

  Columns 153 through 154

   3.040000000000000   3.060000000000000

  Columns 155 through 156

   3.080000000000000   3.100000000000000

  Columns 157 through 158

   3.120000000000000   3.140000000000000

  Columns 159 through 160

   3.160000000000000   3.180000000000000

  Columns 161 through 162

   3.200000000000000   3.220000000000000

  Columns 163 through 164

   3.240000000000000   3.260000000000000

  Columns 165 through 166

   3.280000000000000   3.300000000000000

  Columns 167 through 168

   3.320000000000000   3.340000000000000

  Columns 169 through 170

   3.360000000000000   3.380000000000000

  Columns 171 through 172

   3.400000000000000   3.420000000000000

  Columns 173 through 174

   3.440000000000000   3.460000000000000

  Columns 175 through 176

   3.480000000000000   3.500000000000000

  Columns 177 through 178

   3.520000000000000   3.540000000000000

  Columns 179 through 180

   3.560000000000000   3.580000000000000

  Columns 181 through 182

   3.600000000000000   3.620000000000000

  Columns 183 through 184

   3.640000000000000   3.660000000000000

  Columns 185 through 186

   3.680000000000000   3.700000000000000

  Columns 187 through 188

   3.720000000000000   3.740000000000000

  Columns 189 through 190

   3.760000000000000   3.780000000000000

  Columns 191 through 192

   3.800000000000000   3.820000000000000

  Columns 193 through 194

   3.840000000000000   3.860000000000000

